#Intrinsics
#  FocalLength
564.238734 565.364042
#  PrincipalPoint
309.521941 243.173996
#  ImageSize
480.000000 640.000000
#  RadialDistortion
0.060434 -0.122066
#  TangentialDistortion
0.000000 0.000000
#  Skew
0.000000
#Extrinsics
#  RotationMatrices
#    RotationMatrix 1
0.994195 0.096014 0.048550
-0.088590 0.986602 -0.137000
-0.061054 0.131904 0.989381
#    RotationMatrix 2
0.881323 -0.091575 0.463556
0.109279 0.993946 -0.011411
-0.459704 0.060714 0.885994
#    RotationMatrix 3
0.987295 -0.011870 -0.158454
0.015026 0.999712 0.018735
0.158186 -0.020878 0.987189
#    RotationMatrix 4
0.989879 0.032143 -0.138223
0.019461 0.934061 0.356583
0.140571 -0.355664 0.923982
#    RotationMatrix 5
0.972263 -0.010788 0.233643
-0.081332 0.921002 0.380974
-0.219296 -0.389409 0.894578
#    RotationMatrix 6
0.990243 0.018127 0.138169
-0.049079 0.973340 0.224053
-0.130424 -0.228648 0.964733
#    RotationMatrix 7
0.976400 0.057679 -0.208128
-0.014063 0.978613 0.205229
0.215514 -0.197458 0.956328
#    RotationMatrix 8
0.901492 -0.104533 0.419983
0.056775 0.990571 0.124683
-0.429057 -0.088556 0.898926
#    RotationMatrix 9
0.984321 -0.133040 0.115816
0.166700 0.916254 -0.364266
-0.057655 0.377861 0.924065
#    RotationMatrix 10
0.917336 0.133182 -0.375176
-0.262890 0.910345 -0.319627
0.298971 0.391835 0.870105
#    RotationMatrix 11
0.902339 0.400757 0.158678
-0.391123 0.915997 -0.089285
-0.181130 0.018502 0.983285
#    RotationMatrix 12
0.841687 0.182679 0.508126
-0.354315 0.896958 0.264437
-0.407461 -0.402609 0.819684
#    RotationMatrix 13
0.971452 0.030532 -0.235262
0.112576 0.813590 0.570437
0.208823 -0.580637 0.786927
#    RotationMatrix 14
0.949197 -0.092998 0.300626
0.038638 0.982548 0.181950
-0.312301 -0.161091 0.936225
#    RotationMatrix 15
0.988677 0.027344 0.147545
-0.041609 0.994657 0.094478
-0.144173 -0.099547 0.984533
#    RotationMatrix 16
0.973813 0.135610 -0.182476
-0.155242 0.983010 -0.097935
0.166095 0.123698 0.978321
#    RotationMatrix 17
0.979351 0.062486 0.192267
-0.135524 0.908619 0.395025
-0.150014 -0.412925 0.898325
#    RotationMatrix 18
0.871387 -0.123253 0.474861
-0.097809 0.904850 0.414342
-0.480747 -0.407498 0.776419
#    RotationMatrix 19
0.996189 -0.031025 0.081520
0.025520 0.997377 0.067729
-0.083408 -0.065391 0.994368
#    RotationMatrix 20
0.912854 0.066209 -0.402883
-0.043042 0.996871 0.066298
0.406012 -0.043179 0.912847
#  TranslationVectors
#    TranslationVector 1
-2.374302
-2.685712
14.023249
#    TranslationVector 2
-5.303748
-1.068853
17.400453
#    TranslationVector 3
0.046187
-1.962804
18.589873
#    TranslationVector 4
-1.674031
-3.001270
14.603393
#    TranslationVector 5
-6.744930
-2.421337
14.604503
#    TranslationVector 6
-3.596503
-2.153177
24.372024
#    TranslationVector 7
1.166916
-1.762172
24.429843
#    TranslationVector 8
-8.338593
-0.950721
23.740747
#    TranslationVector 9
-4.492099
2.232521
26.828193
#    TranslationVector 10
4.854372
1.835751
27.301685
#    TranslationVector 11
-3.489653
-1.159502
24.982801
#    TranslationVector 12
-6.855895
-2.728967
18.719109
#    TranslationVector 13
2.115864
-0.945677
21.384188
#    TranslationVector 14
-8.803786
1.450780
24.811281
#    TranslationVector 15
-4.003297
1.670343
26.993663
#    TranslationVector 16
4.823793
2.670155
29.441831
#    TranslationVector 17
1.185756
-4.062416
20.638127
#    TranslationVector 18
-6.849183
-3.977026
18.094727
#    TranslationVector 19
-3.500148
-1.211368
11.778876
#    TranslationVector 20
-2.950095
-1.999404
16.233760
