#Intrinsics
#  FocalLength
523.769768 524.384409
#  PrincipalPoint
307.943174 236.966354
#  ImageSize
480.000000 640.000000
#  RadialDistortion
0.015841 -0.120207
#  TangentialDistortion
0.000000 0.000000
#  Skew
0.000000
#   intrinsicsMatrix
523.769768 0.000000 0.000000
0.000000 524.384409 0.000000
307.943174 236.966354 1.000000
#Extrinsics
#  RotationMatrices
#    RotationMatrix 1
0.999834 0.012975 0.012761
-0.015121 0.982456 0.185878
-0.010126 -0.186041 0.982490
#    RotationMatrix 2
0.999955 0.009396 -0.001368
-0.009486 0.994922 -0.100200
0.000419 0.100209 0.994966
#    RotationMatrix 3
0.988219 0.052345 -0.143816
-0.058640 0.997482 -0.039887
0.141366 0.047850 0.988800
#    RotationMatrix 4
0.952127 0.068769 -0.297867
0.003048 0.972185 0.234195
0.305687 -0.223891 0.925434
#    RotationMatrix 5
0.996365 0.030123 0.079679
-0.049041 0.967668 0.247414
-0.069650 -0.250422 0.965628
#    RotationMatrix 6
0.999017 0.041835 0.014653
-0.042733 0.996801 0.067536
-0.011781 -0.068096 0.997609
#    RotationMatrix 7
0.999022 -0.044018 0.004295
0.042947 0.988728 0.143432
-0.010560 -0.143107 0.989651
#    RotationMatrix 8
0.979907 -0.056073 0.191412
0.055730 0.998420 0.007175
-0.191512 0.003636 0.981483
#    RotationMatrix 9
0.997922 0.021334 0.060797
-0.026140 0.996502 0.079380
-0.058891 -0.080805 0.994989
#    RotationMatrix 10
0.998166 0.034345 0.049858
-0.039712 0.993028 0.110988
-0.045699 -0.112765 0.992570
#    RotationMatrix 11
0.998333 0.006125 0.057390
-0.008933 0.998769 0.048801
-0.057021 -0.049232 0.997158
#    RotationMatrix 12
0.988283 -0.028094 0.150022
0.018893 0.997872 0.062407
-0.151456 -0.058841 0.986711
#    RotationMatrix 13
0.980894 0.062209 -0.184326
-0.039266 0.991303 0.125604
0.190537 -0.115966 0.974806
#    RotationMatrix 14
0.992895 -0.044445 0.110385
0.032002 0.993189 0.112035
-0.114613 -0.107707 0.987554
#    RotationMatrix 15
0.960751 -0.056832 0.271528
0.003818 0.981406 0.191904
-0.277386 -0.183335 0.943104
#    RotationMatrix 16
0.972531 0.101170 -0.209640
-0.043470 0.963704 0.263411
0.228680 -0.247063 0.941629
#    RotationMatrix 17
0.998417 0.025751 0.049999
-0.035996 0.975666 0.216289
-0.043213 -0.217746 0.975048
#    RotationMatrix 18
0.998941 0.013598 0.043952
-0.012238 0.999442 -0.031064
-0.044350 0.030493 0.998551
#    RotationMatrix 19
0.998613 0.005061 0.052411
-0.008808 0.997401 0.071509
-0.051913 -0.071871 0.996062
#    RotationMatrix 20
0.999018 0.009028 0.043374
-0.010377 0.999466 0.030972
-0.043071 -0.031392 0.998579
#  TranslationVectors
#    TranslationVector 1
-87.070691
-67.067778
274.835757
#    TranslationVector 2
-103.775238
3.976718
351.114635
#    TranslationVector 3
-63.859805
-7.417591
371.086667
#    TranslationVector 4
-39.735129
-35.144868
327.684955
#    TranslationVector 5
-106.692105
-32.875768
275.486689
#    TranslationVector 6
-76.196690
-27.052338
333.183973
#    TranslationVector 7
-35.882605
-44.314826
261.322034
#    TranslationVector 8
-62.319191
-31.493066
320.059030
#    TranslationVector 9
-121.363971
-68.726203
329.398218
#    TranslationVector 10
-12.952339
-49.293816
314.038961
#    TranslationVector 11
-103.385275
-5.632283
367.485541
#    TranslationVector 12
-149.994784
3.122451
351.530294
#    TranslationVector 13
-3.461362
-1.743898
358.455994
#    TranslationVector 14
-143.065761
-16.980201
454.962618
#    TranslationVector 15
-185.233579
-41.232497
394.202953
#    TranslationVector 16
30.866199
-68.535385
417.582251
#    TranslationVector 17
-98.483398
-43.167707
438.590895
#    TranslationVector 18
-67.090931
-31.224962
290.490021
#    TranslationVector 19
-69.997116
-36.217619
237.038779
#    TranslationVector 20
-72.460195
-27.223795
294.594113
