#Intrinsics
#  FocalLength
555.272531 554.839414
#  PrincipalPoint
311.201909 234.156471
#  ImageSize
480.000000 640.000000
#  RadialDistortion
-0.036145 0.127422
#  TangentialDistortion
0.000000 0.000000
#  Skew
0.000000
#   intrinsicsMatrix
555.272531 0.000000 0.000000
0.000000 554.839414 0.000000
311.201909 234.156471 1.000000
#Extrinsics
#  RotationMatrices
#    RotationMatrix 1
0.998195 0.017487 -0.057448
-0.014623 0.998647 0.049896
0.058243 -0.048966 0.997101
#    RotationMatrix 2
0.960466 0.032028 -0.276549
-0.002170 0.994191 0.107606
0.278389 -0.102752 0.954956
#    RotationMatrix 3
0.988071 0.006559 0.153862
-0.026420 0.991500 0.127399
-0.151718 -0.129945 0.979845
#    RotationMatrix 4
0.999897 0.014333 -0.000591
-0.014234 0.996426 0.083261
0.001783 -0.083244 0.996528
#    RotationMatrix 5
0.999956 0.007446 -0.005792
-0.008161 0.990768 -0.135322
0.004730 0.135363 0.990785
#    RotationMatrix 6
0.999922 0.012131 -0.002981
-0.009715 0.905163 0.424953
0.007853 -0.424891 0.905210
#    RotationMatrix 7
0.930369 -0.037010 0.364751
-0.070555 0.958221 0.277192
-0.359771 -0.283625 0.888888
#    RotationMatrix 8
0.920319 -0.022614 0.390514
-0.137897 0.915481 0.377994
-0.366056 -0.401726 0.839416
#    RotationMatrix 9
0.875689 0.129917 -0.465070
0.020673 0.952157 0.304910
0.482433 -0.276621 0.831108
#    RotationMatrix 10
0.878700 0.129261 -0.459541
0.097478 0.893776 0.437794
0.467316 -0.429484 0.772760
#    RotationMatrix 11
0.994209 0.089068 -0.060128
-0.044976 0.853029 0.519922
0.097600 -0.514207 0.852095
#    RotationMatrix 12
0.973048 -0.220243 -0.068344
0.230604 0.929086 0.289175
-0.000191 -0.297141 0.954834
#    RotationMatrix 13
0.962824 0.268198 0.032234
-0.265634 0.918363 0.293340
0.049071 -0.290997 0.955465
#    RotationMatrix 14
0.973931 -0.217935 0.062948
0.221119 0.974017 -0.048966
-0.050641 0.061609 0.996815
#    RotationMatrix 15
0.955522 0.071516 -0.286117
0.034681 0.936174 0.349822
0.292873 -0.344186 0.892055
#    RotationMatrix 16
0.986417 -0.050072 0.156441
-0.045082 0.833304 0.550973
-0.157951 -0.550542 0.819728
#    RotationMatrix 17
0.998727 -0.041109 0.029234
0.034468 0.979287 0.199521
-0.036831 -0.198260 0.979457
#    RotationMatrix 18
0.965354 0.257144 0.044376
-0.260873 0.947036 0.187263
0.006128 -0.192351 0.981307
#    RotationMatrix 19
0.999703 0.011223 0.021616
-0.014616 0.986378 0.163841
-0.019483 -0.164109 0.986250
#    RotationMatrix 20
0.999474 0.016826 -0.027716
-0.016242 0.999644 0.021160
0.028063 -0.020699 0.999392
#  TranslationVectors
#    TranslationVector 1
-91.103956
33.888023
379.783416
#    TranslationVector 2
-91.065317
33.368795
395.140044
#    TranslationVector 3
-79.028904
36.525875
349.560668
#    TranslationVector 4
-87.985372
34.394712
375.248326
#    TranslationVector 5
-89.589788
32.701420
416.574577
#    TranslationVector 6
-84.014369
35.244789
370.559007
#    TranslationVector 7
-100.136511
16.741473
378.203748
#    TranslationVector 8
-95.542641
23.632242
365.553599
#    TranslationVector 9
-64.447781
5.002491
443.207865
#    TranslationVector 10
-80.928835
20.496406
418.594522
#    TranslationVector 11
-98.316756
26.506474
370.669397
#    TranslationVector 12
-116.872667
21.455509
406.422574
#    TranslationVector 13
-58.794018
-24.561106
409.040378
#    TranslationVector 14
-112.210799
-1.629835
435.905203
#    TranslationVector 15
-85.915006
-16.068217
419.681239
#    TranslationVector 16
-117.007291
13.657751
347.745552
#    TranslationVector 17
-99.087627
-1.135881
402.575267
#    TranslationVector 18
-69.671589
-22.617162
425.568911
#    TranslationVector 19
-97.774886
20.589859
404.048376
#    TranslationVector 20
-97.731197
32.385623
403.347304
