#Intrinsics
#  FocalLength
523.648939 524.250221
#  PrincipalPoint
312.943512 237.585232
#  ImageSize
480.000000 640.000000
#  RadialDistortion
-0.086183 0.315513
#  TangentialDistortion
0.000000 0.000000
#  Skew
0.000000
#   intrinsicsMatrix
523.648939 0.000000 0.000000
0.000000 524.250221 0.000000
312.943512 237.585232 1.000000
#Extrinsics
#  RotationMatrices
#    RotationMatrix 1
0.999806 0.001582 0.019614
-0.001874 0.999887 0.014883
-0.019588 -0.014917 0.999697
#    RotationMatrix 2
0.991139 -0.020508 0.131237
0.016968 0.999463 0.028033
-0.131741 -0.025558 0.990955
#    RotationMatrix 3
0.988733 0.021491 -0.148138
-0.014836 0.998836 0.045889
0.148951 -0.043174 0.987902
#    RotationMatrix 4
0.999814 -0.006525 0.018132
0.008690 0.992486 -0.122048
-0.017200 0.122183 0.992359
#    RotationMatrix 5
0.999371 0.029479 0.019735
-0.033258 0.972138 0.232038
-0.012345 -0.232548 0.972507
#    RotationMatrix 6
0.980558 0.055221 0.188300
-0.045394 0.997392 -0.056109
-0.190908 0.046471 0.980507
#    RotationMatrix 7
0.982225 0.124999 -0.140031
-0.131887 0.990417 -0.040999
0.133565 0.058738 0.989298
#    RotationMatrix 8
0.971026 -0.238801 0.009055
0.237485 0.968510 0.074756
-0.026622 -0.070440 0.997161
#    RotationMatrix 9
0.981404 0.189932 0.027781
-0.191172 0.980162 0.052295
-0.017298 -0.056634 0.998245
#    RotationMatrix 10
0.999789 -0.005668 -0.019764
0.006648 0.998735 0.049843
0.019457 -0.049963 0.998562
#    RotationMatrix 11
0.995905 0.037203 -0.082392
-0.046510 0.992381 -0.114089
0.077519 0.117454 0.990048
#    RotationMatrix 12
0.980483 0.189259 0.053243
-0.183631 0.978306 -0.095903
-0.070239 0.084254 0.993966
#    RotationMatrix 13
0.970781 -0.063229 -0.231487
0.034948 0.991630 -0.124295
0.237409 0.112573 0.964865
#    RotationMatrix 14
0.977142 -0.002798 -0.212570
-0.002964 0.999637 -0.026784
0.212568 0.026802 0.976779
#    RotationMatrix 15
0.998810 0.006154 -0.048372
-0.005418 0.999868 0.015321
0.048460 -0.015041 0.998712
#    RotationMatrix 16
0.941609 0.300376 0.152141
-0.328132 0.919940 0.214568
-0.075509 -0.251962 0.964787
#    RotationMatrix 17
0.977814 -0.036250 -0.206314
0.056374 0.994114 0.092514
0.201746 -0.102092 0.974103
#    RotationMatrix 18
0.999707 0.021380 -0.011370
-0.020939 0.999074 0.037592
0.012164 -0.037343 0.999228
#    RotationMatrix 19
0.996918 -0.031933 0.071658
0.034008 0.999031 -0.027920
-0.070697 0.030271 0.997038
#    RotationMatrix 20
0.979234 -0.197480 0.045845
0.196840 0.980268 0.018127
-0.048520 -0.008727 0.998784
#  TranslationVectors
#    TranslationVector 1
-104.762712
-5.615185
493.528049
#    TranslationVector 2
-167.206593
9.296091
482.137719
#    TranslationVector 3
-47.752670
13.985335
506.148917
#    TranslationVector 4
-107.120705
14.724743
501.266676
#    TranslationVector 5
-101.891444
29.644098
469.675534
#    TranslationVector 6
-153.581565
26.360183
496.160973
#    TranslationVector 7
-39.289663
13.647014
517.647855
#    TranslationVector 8
-142.327140
23.107292
471.211478
#    TranslationVector 9
-131.411925
-28.284219
485.921952
#    TranslationVector 10
-156.567931
-15.976455
492.618711
#    TranslationVector 11
-37.354564
22.013064
527.355213
#    TranslationVector 12
-124.516553
36.042976
504.905424
#    TranslationVector 13
-39.954025
47.746091
551.995503
#    TranslationVector 14
-4.109610
-105.745548
499.367872
#    TranslationVector 15
-146.216917
-103.531081
494.622101
#    TranslationVector 16
-146.125598
-91.423485
430.308054
#    TranslationVector 17
-95.414654
-21.127754
485.914699
#    TranslationVector 18
-88.151686
27.557629
499.791154
#    TranslationVector 19
-135.949564
-95.731454
477.911331
#    TranslationVector 20
-162.661825
-43.714478
478.971899
